{
  "type": "matrix",
  "labels": [
    "Block crack",
    "D00",
    "D01",
    "D0w0",
    "D10",
    "D11",
    "D20",
    "D40",
    "D43",
    "D44",
    "D50",
    "Repair"
  ],
  "data": [
    [
      3,
      1,
      0,
      0,
      1,
      0,
      1,
      0,
      0,
      0,
      0,
      1
    ],
    [
      1,
      13548,
      10,
      0,
      4317,
      4,
      2215,
      870,
      126,
      1036,
      586,
      195
    ],
    [
      0,
      10,
      118,
      0,
      1,
      26,
      2,
      19,
      0,
      11,
      1,
      0
    ],
    [
      0,
      0,
      0,
      1,
      0,
      0,
      0,
      0,
      0,
      0,
      0,
      0
    ],
    [
      1,
      4317,
      1,
      0,
      7709,
      1,
      1605,
      385,
      73,
      703,
      538,
      118
    ],
    [
      0,
      4,
      26,
      0,
      1,
      36,
      0,
      7,
      0,
      2,
      1,
      0
    ],
    [
      1,
      2215,
      2,
      0,
      1605,
      0,
      8412,
      1543,
      154,
      1487,
      1118,
      117
    ],
    [
      0,
      870,
      19,
      0,
      385,
      7,
      1543,
      3674,
      23,
      282,
      441,
      94
    ],
    [
      0,
      126,
      0,
      0,
      73,
      0,
      154,
      23,
      753,
      124,
      240,
      0
    ],
    [
      0,
      1036,
      11,
      0,
      703,
      2,
      1487,
      282,
      124,
      4079,
      624,
      0
    ],
    [
      0,
      586,
      1,
      0,
      538,
      1,
      1118,
      441,
      240,
      624,
      2638,
      0
    ],
    [
      1,
      195,
      0,
      0,
      118,
      0,
      117,
      94,
      0,
      0,
      0,
      803
    ]
  ],
  "title": "Class Co-occurrence (images containing class pairs)"
}